object FormMain: TFormMain
  Width = 640
  Height = 480
  object WebLabel1: TWebLabel
    Left = 224
    Top = 224
    Width = 36
    Height = 13
    Caption = 'SuivreX'
    HeightPercent = 100.000000000000000000
    WidthPercent = 100.000000000000000000
  end
end
